420 1.6822617902381698
469 1.9866142981514305
339 1.2449186624037092
244 1.4621171572600098
716 1.4621171572600098
437 1.7615941559557646
432 1.379948962255225
130 1.7615941559557646
371 1.9866142981514305
300 1.4621171572600098
288 1.964027580075817
710 1.4621171572600098
105 1.7615941559557646
224 1.7615941559557646
22 1.7615941559557646
713 1.2449186624037092
593 1.7615941559557646
380 1.7615941559557646
335 1.7615941559557646
345 1.7039056039366212
597 1.4621171572600098
401 1.3215127375316345
294 1.6351489523872873
332 1.7615941559557646
391 1.964027580075817
465 1.9051482536448667
337 1.4621171572600098
601 1.6351489523872873
282 1.7615941559557646
155 1.4621171572600098
217 1.7615941559557646
592 1.7615941559557646
220 1.7615941559557646
612 1.7615941559557646
392 1.9981778976111988
515 1.1243530017715961
468 1.6351489523872873
178 1.4621171572600098
331 1.3215127375316345
179 1.7615941559557646
108 1.9051482536448667
21 1.9051482536448667
595 1.7615941559557646
574 1.3215127375316345
141 1.9051482536448667
662 1.4621171572600098
298 1.7615941559557646
635 1.4621171572600098
528 1.7615941559557646
361 1.7615941559557646
578 1.2449186624037092
342 1.7615941559557646
235 1.7615941559557646
674 1.1243530017715961
644 1.4621171572600098
478 1.7615941559557646
72 1.7615941559557646
62 1.7615941559557646
556 1.7615941559557646
201 1.3215127375316345
421 1.135524647076687
691 1.1418931937669325
377 1.6351489523872873
150 1.9981778976111988
284 1.991859724568208
687 1.3215127375316345
54 1.7039056039366212
620 1.197375320224904
292 1.8232006455858834
357 1.3215127375316345
548 1.7615941559557646
495 1.7615941559557646
566 1.7615941559557646
461 1.5250839433121948
506 1.7615941559557646
267 1.4621171572600098
473 1.7615941559557646
93 1.589220117193686
233 1.197375320224904
205 1.1148752658226149
188 1.964027580075817
50 1.1697687794344394
633 1.3215127375316345
84 1.031904062280644
677 1.7615941559557646
579 1.2449186624037092
146 1.946806012846268
316 1.2449186624037092
153 1.964027580075817
323 1.197375320224904
558 1.7615941559557646
459 1.4621171572600098
510 1.7615941559557646
452 1.7615941559557646
23 1.7615941559557646
624 1.4621171572600098
91 1.7615941559557646
546 1.2449186624037092
714 1.4621171572600098
143 1.4621171572600098
5 1.1672451305686196
703 1.197375320224904
631 1.0713073416679433
492 1.4621171572600098
370 1.7615941559557646
475 1.0958586058512623
237 1.7615941559557646
455 1.7615941559557646
330 1.9051482536448667
336 1.2449186624037092
363 1.2449186624037092
381 1.6351489523872873
539 1.7615941559557646
522 1.7615941559557646
32 1.2449186624037092
680 1.4621171572600098
385 1.5545997223493822
446 1.2449186624037092
117 1.3383895727397264
252 1.7615941559557646
199 1.964027580075817
415 1.964027580075817
4 1.2821348126696341
166 1.379948962255225
31 1.9051482536448667
605 1.7615941559557646
711 1.4621171572600098
326 1.1418931937669325
11 1.6351489523872873
404 1.4621171572600098
418 1.4621171572600098
97 1.1775842652686186
483 1.7615941559557646
313 1.7615941559557646
445 1.2913126124515908
675 1.358357398350786
507 1.7615941559557646
360 1.7615941559557646
128 1.9051482536448667
686 1.4621171572600098
73 1.2074702157964354
378 1.9051482536448667
79 1.3215127375316345
487 1.197375320224904
704 1.7615941559557646
265 1.197375320224904
37 1.4621171572600098
121 1.9051482536448667
281 1.379948962255225
15 1.1840702748080822
563 1.7615941559557646
256 1.9866142981514305
681 1.2449186624037092
630 1.4621171572600098
523 1.7615941559557646
174 1.7615941559557646
482 1.58278294534791
190 1.2449186624037092
238 1.58278294534791
261 1.4098940501163093
164 1.8232006455858834
398 1.0843064479177136
550 1.6351489523872873
225 1.1821547881149095
311 1.7615941559557646
10 1.4621171572600098
489 1.7615941559557646
169 1.848283639957513
1 1.3215127375316345
158 1.4621171572600098
98 1.664036770267849
101 1.3215127375316345
185 1.4621171572600098
367 1.2449186624037092
19 1.7615941559557646
559 1.9051482536448667
590 1.9866142981514305
640 1.2781854903257024
162 1.9740925449386082
306 1.7615941559557646
45 1.9950547536867307
18 1.7615941559557646
642 1.135524647076687
573 1.197375320224904
365 1.1148752658226149
359 1.4621171572600098
142 1.4621171572600098
552 1.7615941559557646
222 1.1243530017715961
116 1.9836748576936802
481 1.0767717131252814
290 1.1148752658226149
609 1.4621171572600098
557 1.7615941559557646
192 1.1651404129246294
13 1.4621171572600098
621 1.7615941559557646
320 1.262908919706257
509 1.4621171572600098
669 1.4621171572600098
562 1.7615941559557646
122 1.8232006455858834
502 1.6351489523872873
51 1.991859724568208
491 1.4621171572600098
280 1.4621171572600098
107 1.964027580075817
366 1.7615941559557646
498 1.0434508850597395
236 1.7615941559557646
458 1.4621171572600098
530 1.3215127375316345
526 1.566841808463648
705 1.2449186624037092
354 1.7615941559557646
647 1.0831409664335998
594 1.7615941559557646
618 1.4621171572600098
12 1.2186350836871211
585 1.6351489523872873
364 1.9866142981514305
46 1.3027097293321084
189 1.6351489523872873
702 1.4621171572600098
408 1.2449186624037092
394 1.9051482536448667
535 1.9051482536448667
623 1.58278294534791
230 1.9051482536448667
324 1.9051482536448667
274 1.1243530017715961
297 1.7615941559557646
90 1.9950547536867307
619 1.4621171572600098
187 1.7615941559557646
8 1.1882055701756002
278 1.4621171572600098
63 1.6351489523872873
88 1.848283639957513
460 1.4621171572600098
379 1.3215127375316345
152 1.3215127375316345
351 1.7615941559557646
627 1.5545997223493822
577 1.3215127375316345
374 1.4621171572600098
327 1.1651404129246294
611 1.5545997223493822
610 1.7615941559557646
269 1.2449186624037092
250 1.7615941559557646
505 1.197375320224904
614 1.4621171572600098
29 1.8649066177207418
160 1.4621171572600098
66 1.964027580075817
309 1.7615941559557646
521 1.358357398350786
208 1.828024065201537
480 1.0855049882346384
221 1.3215127375316345
218 1.379948962255225
664 1.2913126124515908
20 1.9677494643090427
428 1.7615941559557646
534 1.4621171572600098
678 1.7615941559557646
639 1.4621171572600098
191 1.4621171572600098
147 1.0809741554501204
490 1.2449186624037092
430 1.1853331999081393
315 1.848283639957513
135 1.4621171572600098
87 1.9780261147388136
529 1.7615941559557646
95 1.2781854903257024
264 1.7615941559557646
431 1.2913126124515908
77 1.9051482536448667
543 1.7615941559557646
131 1.5250839433121948
213 1.4621171572600098
70 1.7615941559557646
369 1.6351489523872873
182 1.8044548002984016
413 1.9051482536448667
429 1.4621171572600098
14 1.0748596906874992
508 1.7615941559557646
602 1.7615941559557646
305 1.2449186624037092
656 1.4621171572600098
138 1.4621171572600098
500 1.2449186624037092
576 1.4621171572600098
348 1.7615941559557646
412 1.3027097293321084
541 1.1651404129246294
651 1.358357398350786
226 1.7615941559557646
519 1.4621171572600098
304 1.6351489523872873
350 1.7615941559557646
347 1.58278294534791
663 1.358357398350786
513 1.7615941559557646
638 1.4621171572600098
61 1.6351489523872873
484 1.041642570745486
136 1.4621171572600098
253 1.148885033623318
129 1.4621171572600098
157 1.2913126124515908
375 1.3941185679308146
554 1.7615941559557646
569 1.7615941559557646
291 1.4621171572600098
634 1.4621171572600098
212 1.7615941559557646
580 1.7615941559557646
257 1.5370495669980355
259 1.964027580075817
396 1.3215127375316345
586 1.7615941559557646
426 1.0831409664335998
655 1.4621171572600098
126 1.3215127375316345
376 1.2110649744411714
346 1.2110649744411714
470 1.9866142981514305
672 1.4621171572600098
27 1.9051482536448667
561 1.7615941559557646
177 1.3941185679308146
6 1.2816503197460545
442 1.1651404129246294
504 1.0554984701090264
240 1.2140302621384946
583 1.7615941559557646
171 1.58278294534791
689 1.3941185679308146
115 1.4621171572600098
183 1.7615941559557646
251 1.7615941559557646
411 1.5370495669980355
180 1.9051482536448667
258 1.2449186624037092
308 1.9051482536448667
486 1.4621171572600098
34 1.7615941559557646
2 1.9051482536448667
318 1.9866142981514305
451 1.4621171572600098
47 1.358357398350786
696 1.4621171572600098
524 1.7615941559557646
493 1.7615941559557646
570 1.4621171572600098
606 1.7615941559557646
708 1.4621171572600098
231 1.4621171572600098
317 1.262908919706257
615 1.4621171572600098
399 1.0855049882346384
148 1.358357398350786
210 1.3215127375316345
538 1.110656110524738
86 1.6043677771171636
441 1.2449186624037092
512 1.964027580075817
266 1.2449186624037092
525 1.7615941559557646
194 1.433570738930177
176 1.2449186624037092
607 1.4621171572600098
173 1.870061661742672
110 1.1839292593244055
637 1.4621171572600098
668 1.4621171572600098
207 1.1651404129246294
202 1.7615941559557646
479 1.1243530017715961
698 1.2449186624037092
295 1.6351489523872873
406 1.2449186624037092
55 1.7615941559557646
626 1.4621171572600098
641 1.2449186624037092
16 1.5545997223493822
310 1.7866188121086974
466 1.6822617902381698
660 1.358357398350786
71 1.58278294534791
457 1.1418931937669325
688 1.2110649744411714
328 1.099667994624956
397 1.5545997223493822
373 1.7615941559557646
242 1.4621171572600098
545 1.4621171572600098
567 1.9051482536448667
200 1.2913126124515908
531 1.7615941559557646
622 1.7615941559557646
494 1.4621171572600098
114 1.9051482536448667
69 1.6351489523872873
39 1.9999999991677204
168 1.4621171572600098
102 1.964027580075817
584 1.2781854903257024
462 1.7615941559557646
454 1.2449186624037092
536 1.1243530017715961
613 1.4621171572600098
571 1.7615941559557646
503 1.7615941559557646
449 1.7615941559557646
670 1.7615941559557646
263 1.1243530017715961
239 1.7615941559557646
661 1.4621171572600098
151 1.2449186624037092
75 1.7615941559557646
285 1.2913126124515908
329 1.1651404129246294
527 1.3215127375316345
149 1.3215127375316345
41 1.7615941559557646
159 1.2449186624037092
419 1.4621171572600098
96 1.7615941559557646
299 1.7615941559557646
246 1.7615941559557646
386 1.1911672237262432
657 1.4621171572600098
262 1.4621171572600098
197 1.7615941559557646
707 1.4621171572600098
433 1.7615941559557646
287 1.7615941559557646
163 1.1702023084064623
85 1.4621171572600098
340 1.3215127375316345
456 1.9051482536448667
42 1.6964972347421068
649 1.0665680765022627
106 1.0674649312049405
588 1.7615941559557646
255 1.9051482536448667
697 1.4621171572600098
652 1.4621171572600098
78 1.5370495669980355
293 1.7615941559557646
643 1.110656110524738
139 1.7615941559557646
74 1.9950547536867307
517 1.7615941559557646
214 1.6043677771171636
175 1.7615941559557646
283 1.2449186624037092
349 1.7615941559557646
444 1.4621171572600098
564 1.7615941559557646
341 1.6351489523872873
650 1.4621171572600098
666 1.4621171572600098
248 1.7615941559557646
186 1.6822617902381698
549 1.58278294534791
497 1.0270204482268093
198 1.358357398350786
196 1.4621171572600098
104 1.9051482536448667
540 1.7615941559557646
690 1.3215127375316345
76 1.7615941559557646
648 1.2449186624037092
463 1.9051482536448667
254 1.7615941559557646
572 1.4621171572600098
353 1.9051482536448667
81 1.3215127375316345
532 1.7615941559557646
501 1.7615941559557646
56 1.494248534541339
628 1.2913126124515908
272 1.809301070201781
407 1.7615941559557646
219 1.7615941559557646
203 1.3215127375316345
423 1.2449186624037092
140 1.6351489523872873
581 1.7615941559557646
57 1.9999983369439445
286 1.58278294534791
352 1.1766972496294357
276 1.7615941559557646
453 1.6351489523872873
625 1.58278294534791
665 1.358357398350786
553 1.7615941559557646
671 1.4621171572600098
555 1.7615941559557646
684 1.358357398350786
405 1.7615941559557646
679 1.4621171572600098
395 1.7615941559557646
387 1.4621171572600098
372 1.6351489523872873
7 1.3552989669946405
333 1.5927001329955615
273 1.58278294534791
520 1.3215127375316345
33 1.2449186624037092
443 1.4621171572600098
223 1.7615941559557646
321 1.7615941559557646
551 1.4621171572600098
123 1.4621171572600098
516 1.197375320224904
645 1.4621171572600098
464 1.964027580075817
382 1.964027580075817
40 1.7615941559557646
467 1.4621171572600098
436 1.7615941559557646
389 1.9051482536448667
65 1.2913126124515908
60 1.9413755384972873
474 1.9051482536448667
275 1.9051482536448667
616 1.2449186624037092
26 1.9950547536867307
608 1.3215127375316345
383 1.1651404129246294
344 1.7615941559557646
582 1.197375320224904
204 1.1853331999081393
125 1.3363755443363323
654 1.2449186624037092
544 1.7615941559557646
209 1.7839568773131613
67 1.6709670742068738
302 1.3215127375316345
112 1.7615941559557646
303 1.4621171572600098
99 1.9051482536448667
134 1.3704019533306313
518 1.7615941559557646
38 1.9994776193618087
600 1.7615941559557646
307 1.028563656570828
35 1.9986940693248945
211 1.04995837495788
476 1.4621171572600098
68 1.3627074675780513
560 1.7615941559557646
80 1.1651404129246294
533 1.3215127375316345
575 1.0587557759785107
181 1.0665680765022627
319 1.4621171572600098
393 1.9051482536448667
9 1.37334796299887
682 1.7615941559557646
362 1.4621171572600098
685 1.4621171572600098
485 1.7615941559557646
568 1.4621171572600098
58 1.3363755443363323
64 1.9964540908104156
247 1.2781854903257024
161 1.7615941559557646
228 1.7615941559557646
439 1.1651404129246294
334 1.5716699660851172
24 1.3215127375316345
692 1.4621171572600098
416 1.9051482536448667
234 1.197375320224904
427 1.7615941559557646
296 1.7615941559557646
472 1.2110649744411714
598 1.7615941559557646
384 1.7615941559557646
195 1.8232006455858834
89 1.9051482536448667
659 1.358357398350786
388 1.4621171572600098
448 1.2449186624037092
243 1.2449186624037092
133 1.7615941559557646
547 1.4621171572600098
28 1.651429357642829
82 1.032597142663468
145 1.964027580075817
709 1.3215127375316345
402 1.1418931937669325
111 1.964027580075817
477 1.7615941559557646
596 1.1418931937669325
447 1.7615941559557646
400 1.9051482536448667
646 1.4621171572600098
119 1.7615941559557646
165 1.2449186624037092
368 1.7615941559557646
241 1.58278294534791
36 1.3910538044046474
216 1.2449186624037092
279 1.4621171572600098
25 1.5071040184744047
471 1.3078619874177537
629 1.4621171572600098
0 1.6125314680504823
673 1.3215127375316345
617 1.4621171572600098
694 1.4621171572600098
184 1.6351489523872873
124 1.1697687794344394
44 1.9866142981514305
658 1.4621171572600098
425 1.7615941559557646
17 1.3426949069654601
49 1.7615941559557646
277 1.2913126124515908
695 1.1651404129246294
410 1.9051482536448667
144 1.7039056039366212
589 1.7615941559557646
632 1.197375320224904
683 1.7615941559557646
53 1.5545997223493822
591 1.7615941559557646
325 1.110656110524738
301 1.7615941559557646
120 1.6351489523872873
667 1.4621171572600098
314 1.7615941559557646
603 1.7615941559557646
587 1.197375320224904
94 1.999995479351404
514 1.1651404129246294
434 1.4621171572600098
215 1.6351489523872873
52 1.7615941559557646
676 1.7615941559557646
417 1.6822617902381698
43 1.4621171572600098
229 1.6351489523872873
232 1.3215127375316345
499 1.9051482536448667
700 1.3215127375316345
488 1.7615941559557646
268 1.7615941559557646
599 1.3215127375316345
424 1.7615941559557646
100 1.7615941559557646
356 1.2449186624037092
83 1.4621171572600098
355 1.7615941559557646
715 1.4621171572600098
118 1.7243166860701287
206 1.2110649744411714
343 1.7615941559557646
103 1.7615941559557646
172 1.6822617902381698
693 1.2449186624037092
701 1.3215127375316345
542 1.3215127375316345
113 1.7615941559557646
289 1.6351489523872873
260 1.4041267397578592
440 1.197375320224904
712 1.1418931937669325
249 1.7615941559557646
496 1.3215127375316345
358 1.4621171572600098
390 1.6351489523872873
127 1.4621171572600098
537 1.7615941559557646
338 1.7615941559557646
227 1.7615941559557646
653 1.2913126124515908
271 1.58278294534791
167 1.4621171572600098
3 1.2110649744411714
511 1.6351489523872873
604 1.7615941559557646
565 1.7615941559557646
137 1.6351489523872873
438 1.7615941559557646
422 1.7615941559557646
59 1.964027580075817
48 1.848283639957513
699 1.0434508850597395
132 1.1129184316196497
109 1.3215127375316345
312 1.086738010541298
706 1.148885033623318
170 1.2449186624037092
450 1.7615941559557646
156 1.2781854903257024
403 1.58278294534791
270 1.2449186624037092
409 1.2110649744411714
636 1.4621171572600098
435 1.7615941559557646
30 1.870061661742672
193 1.964027580075817
322 1.7615941559557646
154 1.964027580075817
