T0 16 0 1 2 3 4 5 6 3 7
T434 7 603 11 5 261
T136 8 42 284 381
T523 7 29 491 68 385
T380 7 132 208 182 545 7
T422 4 86 595
T353 8 75 68 341 86 56
T527 7 585 386 194 160
T271 4 400 209
T7 10 38 39 15 40 41
T554 9 333 334 45 117 56
T300 2 74
T478 32 0 74 631 632 633 634 627 53 36 28 74 4 200 635 269 74 349
T9 19 45 46 47 48 0 49 4 17 50 51 7
T45 12 124 180 181 54 182 56 7
T11 10 38 57 58 59 56 7
T178 7 42 416 417 418 7
T16 18 9 36 72 73 74 4 75 76 77 56 7
T195 37 398 124 399 392 39 163 57 39 92 57 39 147 375 193 15 245 392 39 431 272 75 38 109 7
T137 17 9 10 382 245 383 29 42 384 68 385 101
T321 10 8 4 25 413 35
T553 6 688 0 421
T20 28 93 9 38 15 94 39 4 95 96 15 97 4 98 99 100 101 7
T533 6 184 185 7
T315 4 39 168
T192 29 398 124 399 208 77 56 92 386 245 245 245 208 77 56 245 245 245 425 386 204 97
T104 16 25 321 0 194 160 75 64 39 7
T534 11 347 453 29 42 41 7
T165 20 405 10 11 406 407 46 15 261 4 408 409 272 11 101 7
T26 17 25 38 15 94 39 17 50 120 74 7
T484 8 644 172 645 110 110
T324 4 64 39
T500 3 611
T29 7 20 51 29 7
T542 4 271 209
T316 4 57 73
T139 5 20 118 29
T86 9 0 39 117 5 287
T254 32 310 303 15 29 4 490 310 171 245 245 491 15 492 492 97 245 493 494 491 68 385
T354 9 42 308 333 334 418
T88 7 20 26 256 7
T255 4 20 103
T116 7 0 117 345 56 7
T43 13 93 9 172 173 13 86 7
T52 12 94 39 193 56 7 194 195 7
T141 8 20 87 284 39
T142 6 388 389 390 352
T409 10 411 512 29 461 7
T536 5 334 15 117 56
T328 6 150 42 51
T46 10 42 183 184 185 7
T47 9 20 38 94 39 7
T143 10 20 17 124 391 218
T37 21 9 153 97 154 0 4 93 144 155 156 157 7
T410 7 94 590 39 101 7
T54 11 94 39 20 38 199 7
T502 9 426 480 642 117 611 56
T382 6 116 162 39
T539 3 380 225
T57 11 213 214 36 16 215 216
T537 6 28 324 209
T430 4 20 308
T58 9 42 217 0 218 7
T59 25 219 220 221 222 223 4 117 224 220 225 226 220 191 227 228
T213 7 386 203 303 146
T383 6 560 561 209 562
T462 18 93 29 617 17 310 613 117 491 15 618 7
T144 7 5 6 241 39
T196 8 116 73 20 432
T331 4 39 529
T456 9 432 579 613 614 57
T515 4 692
T4 15 28 0 29 17 30 31 32
T457 4 386 16
T258 8 20 308 333 334
T297 2 164
T215 9 20 64 57 39 240
T64 7 42 21 187 7
T50 15 20 17 124 163 188 189 190
T386 4 116 0
T140 7 386 387 146
T69 16 244 245 245 246 247 147 248 249 39 216 7
T146 6 20 90 187
T384 6 20 415 29
T333 8 5 147 116 162 7
T466 7 318 44 147 5
T334 6 132 95 54 528
T74 34 20 262 263 7 106 264 245 265 245 266 245 267 245 268 7
T425 26 8 4 9 10 11 12 4 599 600 38 57 39 117 5 71 56 7
T77 9 9 51 15 0 17 272 7
T298 4 29 30
T342 9 281 98 208 38 57 56
T147 10 392 39 117 393 15 56
T337 8 20 38 463 57
T465 5 42 318 7
T472 13 626 627 375 445 376 377 110 110 110
T449 4 42 51
T114 27 38 39 57 338 17 339 340 341 342 0 87 343 39 7
T150 7 124 42 134
T259 22 214 496 497 498 466 467 468 469 261 4 470 68 471
T125 14 25 9 15 39 5 6 356 7 92
T480 13 426 480 642 93 36 611 7
T344 10 20 38 353 39 7
T339 11 116 162 20 64 39 7
T548 6 29 144 705
T89 12 38 57 39 58 59 56 7
T459 6 39 615 5 125
T371 7 116 162 245 103
T341 6 29 208 51 56
T152 5 208 144 51
T343 4 464 39
T412 7 94 590 39 591
T153 6 29 172 310
T100 7 0 117 78 56 7
T154 7 20 51 394
T155 2 395
T156 8 57 39 117 5 125
T103 6 20 120 67
T183 6 42 284 39
T105 9 29 74 68 322 101 7
T458 2 16
T160 3 394
T272 8 132 95 54 5 261 7
T389 8 16 569 567 570 240
T108 15 325 15 326 225 327 225 328 329 110
T151 3 209 7
T110 8 20 330 154 0
T461 7 132 147 616 56
T413 11 353 39 163 94 590 39
T504 4 289
T138 1 195
T261 4 499 500
T348 7 35 371 51 7
T119 17 9 333 334 15 66 0 172 349 310 110
T349 4 116 103
T309 11 386 518 519 182 146 7
T393 9 29 30 151 4 137 571
T123 11 20 38 353 39 245 7
T159 8 132 208 182 402 261
T394 10 94 572 33 58 111
T157 15 396 316 41 397 15 29
T226 5 17 383 117 5
T161 2 67
T415 10 461 29 208 51 593 56
T217 6 0 42 51
T133 20 372 373 374 375 303 376 206 377 87 378 182
T503 12 25 684 526 334 182 56 7
T317 12 420 0 15 29 95 208 51 56
T299 10 164 0 147 5 131 7
T416 4 209 51
T3 10 25 20 26 27 7
T162 7 403 404 29 35
T426 11 412 75 182 402 261 7
T163 5 346 345
T127 9 359 360 361 42 362
T273 8 20 292 0 74
T330 5 132 208 528
T541 2 689
T368 4 35 51
T417 4 594 57
T164 4 392 39
T212 19 398 124 399 10 11 397 15 0 74 411 97 7
T166 8 42 64 410
T291 9 42 285 286 213 0
T411 4 42 57
T167 3 393
T520 7 64 39 15 698
T295 14 93 9 15 515 86 144 173 240
T168 6 124 411
T262 2 501
T21 24 102 103 15 0 104 83 105 36 38 106 107 39 108 109 110 110
T23 12 9 15 39 112 113 114 115 97 110
T219 11 20 17 124 391 218 7
T516 5 29 41
T507 4 471 16
T284 6 29 144 310
T508 4 526 689
T263 6 42 502
T181 14 177 333 334 420 15 0 421 7
T31 9 116 0 5 131 7
T170 6 42 51 345
T171 6 9 10 90 187
T264 8 29 11 5 41
T509 3 41
T33 8 22 75 141 56 7
T172 6 29 389 390 352
T220 8 40 458 456 109 352
T499 5 39 194 195
T363 6 132 208 182 545
T510 7 42 29 144 118
T535 8 28 390 703 704
T460 6 172 491 29
T398 12 5 6 75 343 57 39
T444 8 20 38 57 39
T366 10 57 73 245 147 5 131
T381 8 57 39 42 64
T519 6 521 132 546 5
T506 2 526
T469 4 36 37
T39 17 116 162 39 163 164 162 39 15 165 110
T174 6 412 147 5 7
T53 23 65 9 173 13 86 122 196 16 197 4 198 20 90 7
T505 55 9 15 333 685 67 36 17 472 15 85 67 534 28 4 472 686 687 9 688 333 685 15 689 110 25 684 5 336 7 20 260 7
T55 30 9 145 97 66 0 4 200 201 202 203 204 73 97 4 205 206 207 122 98 208 118 56 7
T474 21 277 4 93 9 15 29 310 628 28 29 30 151
T302 8 132 208 182 261 56 7
T511 12 690 691 386 675 16
T357 8 20 51 542 29
T489 4 42 318
T175 9 20 64 414 57 39
T325 4 38 39
T471 5 625 209
T222 14 42 87 459 284 0 15 39 7
T414 14 592 281 48 0 535 57 73
T35 9 39 147 5 148 15 7
T216 2 35
T370 16 9 89 97 29 42 546 89 88 97 101
T176 4 415 29
T65 6 86 17 50 7
T22 4 42 111
T512 5 209 625
T306 15 116 0 163 164 0 117 5 165 7
T473 4 117 35 56
T223 13 460 29 461 117 462 461 216 7
T203 6 20 438 39
T420 10 317 412 180 320 147 5 7
T421 4 42 310
T475 11 9 15 0 93 147 629 7
T72 8 255 256 146 7
T305 4 51 29
T78 7 42 141 44 7
T538 6 144 705 29
T96 25 9 308 15 6 36 309 237 238 4 54 71 39 15 237 56 7
T490 6 670 194 195
T268 6 42 292 505
T224 13 463 57 15 29 147 5 131 7
T327 6 525 5 101
T346 8 382 247 68 75 56
T177 6 42 51 29
T126 11 75 357 28 151 358 209 56
T234 8 5 147 414 465 39
T265 8 426 480 42 503 390
T93 21 118 35 15 6 294 295 4 296 297 298 299 300 12
T225 6 42 57 39
T356 11 541 29 4 147 186 35
T477 5 9 630 315
T99 10 311 312 313 15 165 314
T513 8 60 61 62
T102 15 93 316 28 9 317 318 319 320 7
T227 14 142 3 15 0 98 75 153 216 7
T266 3 499
T228 9 464 39 245 465 39
T229 20 214 466 467 468 469 261 4 470 68 471 7
T28 6 124 42 125
T543 6 209 204 707
T277 7 29 42 41
T207 3 39 7
T388 7 565 566 567 568
T109 10 102 103 98 208 64 39 56
T514 3 194 160
T111 12 9 15 331 256 332 97 146 7
T132 14 0 29 163 370 371 51
T113 31 9 142 59 38 57 39 4 257 335 336 144 337 157 4 75 199 56 7
T180 5 124 17 272
T244 6 42 416 417 109
T40 9 57 39 28 67 56
T526 3 699 417
T120 28 9 142 38 94 39 4 25 275 169 75 350 253 7 134 5 114 7
T121 25 9 315 97 4 281 10 337 145 73 4 9 15 73 74 191 56 7
T310 10 20 289 520
T49 9 25 20 26 187 7
T230 17 333 334 15 39 75 343 472 473 216 7
T405 8 42 292 386 16
T83 28 0 142 279 97 205 280 97 4 9 281 98 208 153 56 4 9 98 208 64 39 56 7
T379 6 35 371 51
T128 15 20 17 124 163 188 189 363
T129 13 75 17 45 364 46 118 29 56
T182 4 57 39
T303 9 9 408 42 284 39
T270 14 93 48 60 68 75 507 29
T406 4 587 134
T313 11 333 334 15 39 20 64
T314 6 521 9 198 11 5
T423 11 42 596 273 35 551 380
T231 9 5 6 208 284 39
T454 5 42 612 67
T2 15 20 21 22 23 15 24 22 7
T232 14 16 28 213 261 412 474
T479 28 397 636 147 637 177 638 4 9 639 118 397 15 29 54 640 641 110
T455 7 461 29 41
T6 8 35 29 36 37
T375 6 20 271 412
T318 10 20 51 0 186 240
T81 17 57 0 275 169 54 117 171 276 7
T294 4 237 238
T362 6 20 544 412
T445 10 39 147 5 148 15 608 7
T319 20 0 117 97 522 162 4 93 98 523 164 162 7
T329 14 116 182 261 56 7 177 526 527
T320 7 132 208 182 243 261
T233 8 20 64 57 39
T15 23 65 9 15 66 0 67 68 69 4 54 70 5 71 56 7
T17 7 78 75 51 56
T184 8 403 51 0 29
T19 8 42 90 91 7 92
T468 18 93 621 390 4 132 208 621 243 4 622 423 623
T518 44 8 4 9 17 214 151 2 693 475 694 695 173 97 4 696 173 15 16 147 697 15 4 9 281 10 378 173 375 146 7
T322 10 29 30 31 5 131
T24 9 116 0 117 39 56 7
T546 2 380
T90 10 9 85 291 97 194 160 109 7
T185 6 29 42 51
T173 6 29 118 390 97
T453 6 172 173 86
T274 5 508 509 510
T275 5 353 39
T186 27 398 124 399 381 92 422 281 15 381 423 424 67 56
T34 16 142 143 4 144 145 97 4 146 109 7
T30 15 126 127 128 15 129 130 5 131
T36 11 149 117 150 151 15 152 56 7
T547 7 709 16 17 50
T276 9 0 74 17 272 292 109
T326 13 116 162 4 247 208 38 57 56 7
T187 4 29 51
T267 13 504 94 39 193 56 7 194 195 7
T355 7 42 502 101
T1 19 8 4 9 10 11 12 13 14 15 16 17 18 19
T427 6 39 601 204
T106 9 116 162 15 323
T41 10 166 167 15 168 117 5 125
T467 2 17 56
T278 6 29 511 310
T236 10 20 64 57 39 7 7
T540 7 627 706 146
T549 23 0 73 710 53 4 36 317 38 39 320 15 369 110 110 110
T550 4 627 706
T544 3 708 526
T400 18 213 261 412 474 4 583 290 261 584
T481 6 172 310 29
T347 2 51
T296 9 0 345 42 51 7
T188 4 20 51
T482 4 16 215
T60 4 229 0
T237 21 214 466 467 468 469 261 4 470 68 471 7 4
T218 4 51 35
T199 15 257 412 172 260 15 261 146 7
T332 35 8 4 25 17 0 530 531 312 532 533 151 4 42 51 534 15 345 101 7 535 382 56 7
T556 5 713 714 715
T190 3 124
T66 9 20 26 237 238 7
T191 5 209 99 97
T68 9 242 166 167 117 243 125 7
T498 12 675 676 117 13 16 56 7
T446 4 39 609
T428 8 411 87 118 29
T279 4 144 310
T67 15 239 0 5 6 103 240 241 39 7
T12 7 45 42 51
T483 10 124 42 203 643 182 7
T288 5 42 118 390
T80 11 93 117 15 0 36 274 7
T135 7 39 117 5 125 7
T373 17 25 4 550 181 15 35 208 551 51 68 7
T193 31 398 124 399 365 410 92 25 426 427 428 410 429 216 7 430 97 101
T338 6 132 208 182 243 7
T194 8 347 431 50 118 29
T387 10 213 0 147 563 564 56
T209 16 455 74 15 6 456 457 4 93 101 7
T251 9 0 29 75 51 56
T84 22 65 9 15 282 86 36 173 4 283 208 284 39 56 7
T85 10 9 42 285 286 29 109 7
T450 10 610 4 132 208 182 5 261
T429 8 57 39 601 204
T44 17 174 175 147 176 15 56 7 177 178 0 179
T501 28 677 678 679 15 680 4 93 681 47 317 682 320 4 625 82 683 84
T557 11 372 144 289 83 716
T530 10 25 397 117 526 689 56
T92 8 29 293 146 7
T257 2 57
T56 15 209 106 210 211 97 4 212 146 7
T304 7 116 0 245 67
T18 26 79 73 15 80 81 82 83 84 85 86 42 87 88 89 7
T189 8 9 15 67 17 50 118
T241 11 20 156 73 154 0 7
T308 12 516 517 5 87 284 39
T531 22 310 700 245 245 245 17 140 122 245 245 458 701 29 122 95 702
T101 6 20 315 245 7
T551 4 261 711
T345 2 89
T280 7 20 512 426 480
T238 15 257 412 172 260 15 261 146 240
T431 13 0 602 97 4 75 284 39 56
T260 4 34 39
T197 43 398 124 399 42 118 67 92 433 15 67 42 118 418 7 386 434 151 15 67 147 435 67 177 436 101 7
T179 2 419
T390 7 117 526 174 56 7
T552 10 75 17 364 46 118 29 56
T242 19 214 466 467 468 469 261 4 470 68 471
T391 9 20 38 57 39 7
T198 13 132 147 5 437 4 42 134 109 7
T112 9 20 308 333 334 7
T392 8 116 162 57 39
T281 9 333 334 117 513 39
T115 6 117 344 56
T463 6 29 619 68 385
T470 2 624
T418 6 42 38 39
T378 9 559 482 420 15 0 56
T432 7 116 0 147 5
T485 6 117 392 39 56
T243 38 398 124 399 0 74 92 93 118 97 475 476 15 29 0 74 15 28 177 36 5 477 7
T476 12 9 15 0 74 42 36 97 7
T517 4 526 174
T367 7 547 194 548 39
T200 12 93 9 172 173 13 86
T282 4 116 162
T311 10 22 255 256 146 7
T214 4 333 39
T352 6 20 330 0
T495 2 29
T134 10 65 379 380 146
T486 16 42 36 607 163 273 646 310 15 209
T340 17 116 0 537 538 539 164 162 540
T433 6 132 54 182 5
T169 8 333 412 17 413
T201 4 29 17 272
T525 7 461 29 118 390
T202 6 39 194 195 7
T5 6 0 33 34
T283 8 20 38 94 39
T555 8 93 9 386 712 160
T487 16 412 15 647 147 5 7 648 402 649 7
T8 7 42 43 44 7
T360 6 42 38 57
T239 6 20 51 29
T70 10 20 250 134 188
T435 6 42 51 35
T76 6 20 271 209
T13 10 60 20 61 62
T323 7 9 524 15 67 101
T256 9 213 0 42 495 286
T359 11 25 392 345 42 51 7
T395 15 573 245 574 245 575 245 576
T301 7 144 51 415 56
T350 9 9 10 51 78 15 35
T488 174 650 651 652 653 654 15 655 4 412 58 132 15 656 584 584 657 658 158 654 46 4 54 640 245 317 659 320 660 317 623 320 15 549 4 661 132 15 662 4 663 9 9 182 291 475 177 664 110 9 665 666 73 4 667 668 291 669 475 110 650 651 652 653 654 15 655 4 412 58 132 15 656 584 584 657 658 158 654 46 4 54 640 245 317 659 320 660 317 623 320 15 549 4 661 132 15 662 4 663 9 9 182 291 475 177 664 110 9 665 666 73 4 667 668 291 669 475 110
T25 18 9 118 97 29 4 93 74 119 36 28 7
T118 17 213 346 347 348 15 45 75 51
T204 55 181 439 48 440 17 441 442 443 225 444 443 445 128 15 446 447 4 448 281 449 450 451 4 452 453 163 364 95 147 454 4 25 147 93 101 7
T496 9 550 417 17 29 30 151
T419 8 186 17 50 51
T27 11 111 121 122 15 0 123 28
T145 9 20 38 353 39
T285 9 29 514 414 5 41
T287 7 20 26 27
T436 10 20 38 604 590 39 7
T396 17 25 403 577 578 579 166 167 15 580 46 432 101
T38 12 158 0 95 147 159 160 161 56
T424 6 90 597 598
T361 2 150
T558 4 29 16
T71 20 38 199 122 251 252 75 253 254 7 199 253 50 240
T42 9 0 169 170 171 7
T364 4 150 51
T440 6 42 605 380
T464 10 333 334 620 289
T148 6 42 51 150
T293 5 29 30 151
T10 8 52 53 54 55 56
T491 36 8 4 671 17 242 312 672 116 0 46 673 448 68 546 42 118 471 16 4 674 656
T32 40 132 133 60 134 62 65 58 134 62 135 136 4 137 138 60 139 4 105 140 40 110
T51 25 8 4 25 0 78 17 50 121 109 7 191 192 17 50 51
T399 9 132 147 5 581 582 15
T286 10 39 414 74 17 272 292 109
T385 8 468 68 69 54 403
T221 10 20 17 124 391 261
T442 13 196 209 151 15 606 146 7
T452 6 42 118 29 109
T443 8 39 147 607 15 56 7
T205 15 257 258 259 172 260 15 261 146 7
T404 7 208 182 5 261
T62 8 116 162 42 103
T73 15 257 258 259 172 260 15 261 146 240
T528 8 172 310 0 29
T529 6 29 628 491
T63 14 233 16 144 234 235 236
T158 12 398 124 399 400 209 92 401 14
T369 8 51 15 549 17 50
T245 11 478 15 16 17 272 75 118
T408 13 589 86 122 15 258 129 147 5 7
T492 6 29 245 41
T335 6 35 42 51
T401 6 20 38 57
T124 12 20 354 135 263 355 7
T240 6 42 51 78
T206 6 147 29 15 74
T75 8 42 269 270
T235 9 20 64 57 39 7
T79 9 20 51 273 209 7
T494 7 35 17 50 51
T289 6 20 64 39
T437 9 42 512 29 461 7
T246 8 39 169 75 284
T372 14 17 60 151 29 0 20 51 7
T336 25 102 103 15 0 104 83 105 36 38 106 107 39 108 109 110 110 536
T247 2 258 259
T82 10 277 4 150 75 278 56
T269 8 20 288 29 506
T248 9 20 63 64 57 39
T249 36 398 124 399 261 479 97 92 93 9 15 480 142 481 482 483 484 97 4 304 74 177 17 485 484 7
T374 4 67 261
T87 13 42 288 289 83 290 29
T397 4 116 73
T253 30 398 124 399 487 15 29 488 41 4 489 0 15 29 75 349 310 110
T48 8 186 75 51 68
T107 4 324 209
T91 8 20 292 86 16
T94 20 86 301 302 303 97 4 304 9 305 306 86 307
T438 4 132 54 5
T376 19 25 552 553 15 554 555 15 556 557 56 7
T97 5 42 11 261
T98 6 35 172 310
T447 11 57 39 163 464 39 165
T493 4 294 295
T208 6 371 51 35
T377 17 558 559 482 420 15 0 87 291 39 56 7
T307 4 0 74
T130 11 365 0 366 367 368
T524 7 403 51 35 240
T250 11 398 124 399 42 57 39
T448 8 132 208 182 5 261
T402 10 116 73 20 38 39
T351 10 411 51 0 29 7
T358 5 364 543
T211 2 39
T522 5 89 88 225
T14 10 20 63 64 57 39 7
T149 9 392 39 117 34 15 56
T532 12 9 42 156 73 426 0 109
T117 8 5 147 57 39 7
T545 4 333 412
T95 8 9 291 97 194 160 109 7
T403 9 585 386 586 194 160
T441 7 403 409 229 0
T439 7 39 75 528
T61 14 93 9 230 44 231 232 7
T122 9 230 187 351 352
T521 311 650 651 652 653 654 15 655 4 412 58 132 15 656 584 584 657 658 158 654 46 4 54 640 245 317 659 320 660 317 623 320 15 549 4 661 132 15 662 4 663 9 9 182 291 475 177 664 110 9 665 666 73 4 667 668 291 669 475 110 650 651 652 653 654 15 655 4 412 58 132 15 656 584 584 657 658 158 654 46 4 54 640 245 317 659 320 660 317 623 320 15 549 4 661 132 15 662 4 663 9 9 182 291 475 177 664 110 9 665 666 73 4 667 668 291 669 475 110 650 651 652 653 654 15 655 4 412 58 132 15 656 584 584 657 658 158 654 46 4 54 640 245 317 659 320 660 317 623 320 15 549 4 661 132 15 662 4 663 9 9 182 291 475 177 664 110 9 665 666 73 4 667 668 291 669 475 110 650 651 652 653 654 15 655 4 412 58 132 15 656 584 584 657 658 158 654 46 4 54 640 245 317 659 320 660 317 623 320 15 549 4
T131 16 103 53 245 36 38 225 107 39 369
T451 5 35 611
T290 8 403 288 511 310
T210 7 39 5 6 241
T292 4 20 315
T497 10 68 57 208 64 39 56 7
T252 7 9 10 486 118 29
T312 16 17 60 46 29 0 20 51 7 430
T407 7 588 42 118 29
T365 11 20 546 29 89 88 97
